'*',    81,     1,    33,    44,     2,    12,    29,     4
'SPENVIS 4.6.14.3582          -  6-Aug-2026 16:02:45'
'PRJ_DEF', -1,'PROJECT1'
'PRJ_HDR', -1,'a trial'
'MOD_ABB', -1,'NIE'
'MIS_PLA',  1,    3,' '
'MIS_NTR',  1,    1,' '
'MIS_STA',  1,  25567.00000000,' '
'MIS_END',  1,  27392.00000000,' '
'MIS_DUR',  1, 1.825000E+03,'days'
'ORB_HDR', -1,' '
'ORB_TYP', -1,'GEN'
'ORB_MJD',  1,  25567.00000000,' '
'ORB_YEA',  1, 2020,' '
'ORB_MON',  1,  1,' '
'ORB_DAY',  1,  1,' '
'ORB_HOU',  1,  0,' '
'ORB_MIN',  1,  0,' '
'ORB_SEC',  1,  0.0,' '
'ORB_APO',  1, 4.000000E+02,'km'
'ORB_PER',  1, 4.000000E+02,'km'
'ORB_INC',  1,    51.60,'deg'
'ORB_RAA',  1,     0.00,'deg'
'ORB_ARG',  1,     0.00,'deg'
'ORB_TRA',  1,     0.00,'deg'
'ORB_PRD',  1, 1.542678E+00,'hrs'
'ORB_DUR',  1, 1.000000E+00,'days'
'ORB_TSE',  1,  27392.00000000,' '
'ORB_AXM',  1,  2,' '
'ORB_MJR', -1,'1 Jan 1950, 00:00 UT'
'ORB_GDR', -1,'Astron. J. 66, 15, 1961'
'NIE_RCT',  1, 1.0000E-11,'g/MeV'
'PLT_TYP', -1,'FULL'
'PLT_HDR', -1,'Shielded trapped proton spectrum'
'PLT_LEG', -11,'Unshielded','   0.500 mm','   1.000 mm','   2.000 mm','   3.000 mm','   3.700 mm','   4.000 mm','   5.000 mm','  10.000 mm','  15.000 mm','  20.000 mm'
'PS Annotation',  8,  3
'Mission start: 01/01/2020 00:00:00'
 0.05, 0.00, 0.00
'Mission end: 30/12/2024 00:00:00'
 0.95, 0.00, 1.00
'Nr. of segments:   1'
 0.05, 1.50, 0.00
'Duration: 1825.00 days'
 0.95, 0.00, 1.00
'PS Annotation', 24,  2
'Segment  1:'
 0.05, 2.00, 0.00
'Apogee: 400.0 km'
 0.05, 1.50, 0.00
'Perigee: 400.0 km'
 0.50, 0.00, 0.50
'Inclination: 51.6 deg'
 0.95, 0.00, 1.00
'R.A. Asc. Node: 0.0 deg'
 0.05, 1.50, 0.00
'Arg. Per.: 0.0 deg'
 0.50, 0.00, 0.50
'True Anomaly: 0.0 deg'
 0.95, 0.00, 1.00
'Period: 1.54 hrs'
 0.05, 1.50, 0.00
'Duration: 1.00 days'
 0.50, 0.00, 0.50
'15.56 Orbits'
 0.95, 0.00, 1.00
'Orbit start: 01/01/2020 00:00:00'
 0.05, 1.50, 0.00
'Orbit end: 02/01/2020 00:00:00'
 0.95, 0.00, 1.00
'PS Annotation',  2,  1
'Trapped proton model: AP-8 MIN'
 0.05, 2.00, 0.00
'PS Annotation',  6,  0
'Relative degradation per unit NIEL: 1.0000E-11 g/MeV'
 0.05, 2.00, 0.00
'Damage equivalent proton energy:  10.0 MeV'
 0.05, 1.50, 0.00
'NIEL damage curve: JPL Si'
 0.05, 1.50, 0.00
'Energy','MeV',  1,'Energy'
'Dose','cm!u-2!n', 11,'Integral Fluence'
    0.100, 6.536E+10, 3.132E+09, 2.650E+09, 2.324E+09, 2.183E+09, 2.109E+09, 2.080E+09, 1.998E+09, 1.716E+09, 1.502E+09, 1.327E+09
    0.150, 5.567E+10, 3.132E+09, 2.650E+09, 2.324E+09, 2.183E+09, 2.109E+09, 2.080E+09, 1.998E+09, 1.716E+09, 1.502E+09, 1.327E+09
    0.200, 4.797E+10, 3.131E+09, 2.650E+09, 2.324E+09, 2.183E+09, 2.109E+09, 2.080E+09, 1.998E+09, 1.716E+09, 1.502E+09, 1.327E+09
    0.300, 3.770E+10, 3.129E+09, 2.649E+09, 2.324E+09, 2.183E+09, 2.109E+09, 2.080E+09, 1.998E+09, 1.716E+09, 1.502E+09, 1.327E+09
    0.400, 3.044E+10, 3.126E+09, 2.649E+09, 2.323E+09, 2.183E+09, 2.109E+09, 2.079E+09, 1.998E+09, 1.716E+09, 1.502E+09, 1.327E+09
    0.500, 2.643E+10, 3.124E+09, 2.648E+09, 2.323E+09, 2.183E+09, 2.109E+09, 2.079E+09, 1.998E+09, 1.716E+09, 1.502E+09, 1.327E+09
    0.600, 2.334E+10, 3.121E+09, 2.647E+09, 2.323E+09, 2.183E+09, 2.109E+09, 2.079E+09, 1.998E+09, 1.716E+09, 1.502E+09, 1.327E+09
    0.700, 2.085E+10, 3.118E+09, 2.646E+09, 2.322E+09, 2.182E+09, 2.108E+09, 2.079E+09, 1.998E+09, 1.716E+09, 1.501E+09, 1.327E+09
    1.000, 1.590E+10, 3.107E+09, 2.643E+09, 2.321E+09, 2.182E+09, 2.108E+09, 2.078E+09, 1.997E+09, 1.716E+09, 1.501E+09, 1.327E+09
    1.500, 1.188E+10, 3.084E+09, 2.636E+09, 2.318E+09, 2.180E+09, 2.107E+09, 2.077E+09, 1.997E+09, 1.715E+09, 1.501E+09, 1.327E+09
    2.000, 9.390E+09, 3.056E+09, 2.628E+09, 2.315E+09, 2.178E+09, 2.105E+09, 2.076E+09, 1.995E+09, 1.714E+09, 1.500E+09, 1.326E+09
    3.000, 6.808E+09, 2.985E+09, 2.607E+09, 2.306E+09, 2.174E+09, 2.101E+09, 2.072E+09, 1.993E+09, 1.713E+09, 1.499E+09, 1.325E+09
    4.000, 5.248E+09, 2.895E+09, 2.580E+09, 2.294E+09, 2.168E+09, 2.096E+09, 2.067E+09, 1.989E+09, 1.710E+09, 1.497E+09, 1.323E+09
    5.000, 4.396E+09, 2.841E+09, 2.548E+09, 2.282E+09, 2.161E+09, 2.090E+09, 2.061E+09, 1.985E+09, 1.707E+09, 1.494E+09, 1.321E+09
    6.000, 3.796E+09, 2.793E+09, 2.512E+09, 2.273E+09, 2.153E+09, 2.083E+09, 2.054E+09, 1.980E+09, 1.704E+09, 1.492E+09, 1.319E+09
    7.000, 3.467E+09, 2.740E+09, 2.478E+09, 2.263E+09, 2.145E+09, 2.075E+09, 2.046E+09, 1.975E+09, 1.701E+09, 1.489E+09, 1.317E+09
   10.000, 2.874E+09, 2.574E+09, 2.407E+09, 2.226E+09, 2.115E+09, 2.046E+09, 2.023E+09, 1.954E+09, 1.687E+09, 1.478E+09, 1.308E+09
   15.000, 2.485E+09, 2.366E+09, 2.267E+09, 2.148E+09, 2.049E+09, 1.997E+09, 1.977E+09, 1.909E+09, 1.657E+09, 1.453E+09, 1.288E+09
   20.000, 2.284E+09, 2.222E+09, 2.162E+09, 2.062E+09, 1.986E+09, 1.938E+09, 1.918E+09, 1.853E+09, 1.619E+09, 1.423E+09, 1.263E+09
   30.000, 2.038E+09, 2.003E+09, 1.969E+09, 1.902E+09, 1.838E+09, 1.804E+09, 1.790E+09, 1.743E+09, 1.525E+09, 1.346E+09, 1.200E+09
   40.000, 1.842E+09, 1.817E+09, 1.793E+09, 1.746E+09, 1.700E+09, 1.669E+09, 1.655E+09, 1.612E+09, 1.417E+09, 1.258E+09, 1.130E+09
   50.000, 1.675E+09, 1.653E+09, 1.631E+09, 1.588E+09, 1.546E+09, 1.517E+09, 1.505E+09, 1.468E+09, 1.300E+09, 1.162E+09, 1.052E+09
   60.000, 1.498E+09, 1.480E+09, 1.462E+09, 1.426E+09, 1.391E+09, 1.367E+09, 1.357E+09, 1.325E+09, 1.182E+09, 1.070E+09, 9.684E+08
   70.000, 1.333E+09, 1.318E+09, 1.303E+09, 1.273E+09, 1.245E+09, 1.225E+09, 1.217E+09, 1.189E+09, 1.076E+09, 9.736E+08, 8.835E+08
  100.000, 9.288E+08, 9.200E+08, 9.114E+08, 8.942E+08, 8.774E+08, 8.659E+08, 8.610E+08, 8.448E+08, 7.684E+08, 7.006E+08, 6.455E+08
  150.000, 4.783E+08, 4.751E+08, 4.720E+08, 4.659E+08, 4.598E+08, 4.556E+08, 4.538E+08, 4.479E+08, 4.194E+08, 3.927E+08, 3.678E+08
  200.000, 2.540E+08, 2.526E+08, 2.512E+08, 2.484E+08, 2.456E+08, 2.437E+08, 2.429E+08, 2.402E+08, 2.271E+08, 2.147E+08, 2.030E+08
  300.000, 7.170E+07, 7.139E+07, 7.109E+07, 7.048E+07, 6.988E+07, 6.946E+07, 6.929E+07, 6.870E+07, 6.582E+07, 6.306E+07, 6.041E+07
  400.000, 2.083E+07, 0.000E+00, 0.000E+00, 0.000E+00, 0.000E+00, 0.000E+00, 0.000E+00, 0.000E+00, 0.000E+00, 0.000E+00, 0.000E+00
'End of Block'
'*',    45,     1,    12,    29,     2,    12,    75,     3
'SPENVIS 4.6.14.3582          -  6-Aug-2026 16:02:45'
'PRJ_DEF', -1,'PROJECT1'
'PRJ_HDR', -1,'a trial'
'MOD_ABB', -1,'NIE'
'MIS_PLA',  1,    3,' '
'MIS_NTR',  1,    1,' '
'MIS_STA',  1,  25567.00000000,' '
'MIS_END',  1,  27392.00000000,' '
'MIS_DUR',  1, 1.825000E+03,'days'
'NIE_RCT',  1, 1.0000E-11,'g/MeV'
'PLT_TYP', -1,'FULL'
'PLT_HDR', -1,'Shielded solar proton spectrum'
'PLT_LEG', -11,'Unshielded','   0.500 mm','   1.000 mm','   2.000 mm','   3.000 mm','   3.700 mm','   4.000 mm','   5.000 mm','  10.000 mm','  15.000 mm','  20.000 mm'
'PS Annotation',  8,  2
'Mission start: 01/01/2020 00:00:00'
 0.05, 0.00, 0.00
'Mission end: 30/12/2024 00:00:00'
 0.95, 0.00, 1.00
'Nr. of segments:   1'
 0.05, 1.50, 0.00
'Duration: 1825.00 days'
 0.95, 0.00, 1.00
'PS Annotation', 12,  1
'Solar particle model: ESP-PSYCHIC total fluence'
 0.05, 2.00, 0.00
'Mission duration: 5.00 years, spanning 2 solar cycles'
 0.10, 1.50, 0.00
'3.13 years in solar maximum'
 0.15, 1.50, 0.00
'1.87 years in solar minimum'
 0.15, 1.50, 0.00
'Confidence level: 95.000%'
 0.10, 1.50, 0.00
'Magnetic shielding:    quiet magnetosphere'
 0.10, 1.50, 0.00
'PS Annotation',  6,  0
'Relative degradation per unit NIEL: 1.0000E-11 g/MeV'
 0.05, 2.00, 0.00
'Damage equivalent proton energy:  10.0 MeV'
 0.05, 1.50, 0.00
'NIEL damage curve: JPL Si'
 0.05, 1.50, 0.00
'Energy','MeV',  1,'Energy'
'Dose','cm!u-2!n', 11,'Integral Fluence'
    0.100, 1.132E+09, 6.110E+07, 4.198E+07, 2.795E+07, 2.179E+07, 1.915E+07, 1.823E+07, 1.597E+07, 1.082E+07, 8.901E+06, 7.891E+06
    0.110, 1.068E+09, 6.110E+07, 4.198E+07, 2.795E+07, 2.179E+07, 1.915E+07, 1.823E+07, 1.597E+07, 1.082E+07, 8.901E+06, 7.891E+06
    0.120, 1.012E+09, 6.109E+07, 4.198E+07, 2.794E+07, 2.179E+07, 1.915E+07, 1.823E+07, 1.597E+07, 1.082E+07, 8.901E+06, 7.891E+06
    0.140, 9.192E+08, 6.108E+07, 4.197E+07, 2.794E+07, 2.179E+07, 1.915E+07, 1.823E+07, 1.597E+07, 1.082E+07, 8.901E+06, 7.891E+06
    0.160, 8.457E+08, 6.107E+07, 4.197E+07, 2.794E+07, 2.179E+07, 1.915E+07, 1.823E+07, 1.597E+07, 1.082E+07, 8.901E+06, 7.891E+06
    0.180, 7.860E+08, 6.106E+07, 4.196E+07, 2.794E+07, 2.179E+07, 1.915E+07, 1.823E+07, 1.597E+07, 1.082E+07, 8.901E+06, 7.890E+06
    0.200, 7.364E+08, 6.105E+07, 4.196E+07, 2.794E+07, 2.179E+07, 1.915E+07, 1.823E+07, 1.597E+07, 1.082E+07, 8.901E+06, 7.890E+06
    0.220, 6.943E+08, 6.103E+07, 4.196E+07, 2.794E+07, 2.179E+07, 1.915E+07, 1.823E+07, 1.597E+07, 1.082E+07, 8.901E+06, 7.890E+06
    0.250, 6.414E+08, 6.102E+07, 4.195E+07, 2.793E+07, 2.179E+07, 1.915E+07, 1.823E+07, 1.597E+07, 1.082E+07, 8.901E+06, 7.890E+06
    0.280, 5.979E+08, 6.099E+07, 4.194E+07, 2.793E+07, 2.179E+07, 1.915E+07, 1.823E+07, 1.596E+07, 1.082E+07, 8.900E+06, 7.890E+06
    0.320, 5.504E+08, 6.097E+07, 4.193E+07, 2.793E+07, 2.178E+07, 1.915E+07, 1.823E+07, 1.596E+07, 1.082E+07, 8.900E+06, 7.890E+06
    0.350, 5.209E+08, 6.094E+07, 4.192E+07, 2.792E+07, 2.178E+07, 1.914E+07, 1.823E+07, 1.596E+07, 1.082E+07, 8.900E+06, 7.890E+06
    0.400, 4.796E+08, 6.090E+07, 4.191E+07, 2.792E+07, 2.178E+07, 1.914E+07, 1.822E+07, 1.596E+07, 1.082E+07, 8.900E+06, 7.890E+06
    0.450, 4.459E+08, 6.086E+07, 4.189E+07, 2.791E+07, 2.177E+07, 1.914E+07, 1.822E+07, 1.596E+07, 1.082E+07, 8.900E+06, 7.890E+06
    0.500, 4.179E+08, 6.082E+07, 4.188E+07, 2.790E+07, 2.177E+07, 1.914E+07, 1.822E+07, 1.596E+07, 1.082E+07, 8.900E+06, 7.890E+06
    0.550, 3.942E+08, 6.077E+07, 4.186E+07, 2.790E+07, 2.177E+07, 1.914E+07, 1.822E+07, 1.596E+07, 1.082E+07, 8.899E+06, 7.890E+06
    0.630, 3.625E+08, 6.069E+07, 4.183E+07, 2.789E+07, 2.176E+07, 1.913E+07, 1.821E+07, 1.596E+07, 1.082E+07, 8.899E+06, 7.890E+06
    0.710, 3.368E+08, 6.061E+07, 4.180E+07, 2.787E+07, 2.176E+07, 1.913E+07, 1.821E+07, 1.595E+07, 1.082E+07, 8.899E+06, 7.889E+06
    0.800, 3.130E+08, 6.051E+07, 4.176E+07, 2.786E+07, 2.175E+07, 1.912E+07, 1.821E+07, 1.595E+07, 1.082E+07, 8.898E+06, 7.889E+06
    0.900, 2.912E+08, 6.039E+07, 4.172E+07, 2.784E+07, 2.174E+07, 1.912E+07, 1.820E+07, 1.595E+07, 1.082E+07, 8.898E+06, 7.889E+06
    1.000, 2.730E+08, 6.027E+07, 4.167E+07, 2.782E+07, 2.173E+07, 1.911E+07, 1.820E+07, 1.594E+07, 1.082E+07, 8.897E+06, 7.888E+06
    1.100, 2.576E+08, 6.013E+07, 4.162E+07, 2.780E+07, 2.172E+07, 1.910E+07, 1.819E+07, 1.594E+07, 1.081E+07, 8.896E+06, 7.888E+06
    1.200, 2.443E+08, 5.999E+07, 4.157E+07, 2.778E+07, 2.171E+07, 1.909E+07, 1.818E+07, 1.593E+07, 1.081E+07, 8.896E+06, 7.888E+06
    1.400, 2.223E+08, 5.968E+07, 4.145E+07, 2.774E+07, 2.168E+07, 1.908E+07, 1.817E+07, 1.593E+07, 1.081E+07, 8.894E+06, 7.887E+06
    1.600, 2.049E+08, 5.934E+07, 4.133E+07, 2.769E+07, 2.165E+07, 1.906E+07, 1.816E+07, 1.592E+07, 1.081E+07, 8.893E+06, 7.886E+06
    1.800, 1.907E+08, 5.897E+07, 4.119E+07, 2.763E+07, 2.163E+07, 1.904E+07, 1.814E+07, 1.591E+07, 1.080E+07, 8.891E+06, 7.885E+06
    2.000, 1.790E+08, 5.861E+07, 4.105E+07, 2.758E+07, 2.160E+07, 1.902E+07, 1.812E+07, 1.590E+07, 1.080E+07, 8.889E+06, 7.884E+06
    2.200, 1.690E+08, 5.822E+07, 4.089E+07, 2.751E+07, 2.156E+07, 1.900E+07, 1.810E+07, 1.588E+07, 1.079E+07, 8.887E+06, 7.883E+06
    2.500, 1.564E+08, 5.764E+07, 4.065E+07, 2.742E+07, 2.151E+07, 1.896E+07, 1.807E+07, 1.587E+07, 1.079E+07, 8.884E+06, 7.881E+06
    2.800, 1.459E+08, 5.697E+07, 4.037E+07, 2.731E+07, 2.145E+07, 1.892E+07, 1.804E+07, 1.584E+07, 1.078E+07, 8.880E+06, 7.879E+06
    3.200, 1.336E+08, 5.600E+07, 3.997E+07, 2.714E+07, 2.136E+07, 1.886E+07, 1.799E+07, 1.581E+07, 1.077E+07, 8.875E+06, 7.876E+06
    3.500, 1.254E+08, 5.521E+07, 3.964E+07, 2.701E+07, 2.129E+07, 1.881E+07, 1.795E+07, 1.579E+07, 1.076E+07, 8.871E+06, 7.874E+06
    4.000, 1.138E+08, 5.394E+07, 3.910E+07, 2.679E+07, 2.117E+07, 1.873E+07, 1.788E+07, 1.575E+07, 1.075E+07, 8.865E+06, 7.870E+06
    4.500, 1.045E+08, 5.260E+07, 3.845E+07, 2.653E+07, 2.103E+07, 1.864E+07, 1.780E+07, 1.570E+07, 1.073E+07, 8.857E+06, 7.865E+06
    5.000, 9.667E+07, 5.140E+07, 3.787E+07, 2.630E+07, 2.088E+07, 1.854E+07, 1.772E+07, 1.565E+07, 1.071E+07, 8.849E+06, 7.860E+06
    5.500, 8.966E+07, 5.004E+07, 3.723E+07, 2.607E+07, 2.073E+07, 1.843E+07, 1.763E+07, 1.559E+07, 1.069E+07, 8.840E+06, 7.855E+06
    6.300, 8.017E+07, 4.789E+07, 3.618E+07, 2.570E+07, 2.053E+07, 1.827E+07, 1.748E+07, 1.549E+07, 1.066E+07, 8.825E+06, 7.845E+06
    7.100, 7.251E+07, 4.571E+07, 3.517E+07, 2.529E+07, 2.030E+07, 1.809E+07, 1.731E+07, 1.538E+07, 1.062E+07, 8.809E+06, 7.835E+06
    8.000, 6.528E+07, 4.349E+07, 3.405E+07, 2.479E+07, 2.003E+07, 1.787E+07, 1.710E+07, 1.525E+07, 1.057E+07, 8.789E+06, 7.825E+06
    9.000, 5.872E+07, 4.110E+07, 3.274E+07, 2.416E+07, 1.968E+07, 1.760E+07, 1.689E+07, 1.509E+07, 1.051E+07, 8.762E+06, 7.813E+06
   10.000, 5.333E+07, 3.884E+07, 3.154E+07, 2.358E+07, 1.933E+07, 1.733E+07, 1.668E+07, 1.492E+07, 1.045E+07, 8.737E+06, 7.800E+06
   11.000, 4.864E+07, 3.656E+07, 3.020E+07, 2.295E+07, 1.894E+07, 1.704E+07, 1.643E+07, 1.473E+07, 1.039E+07, 8.706E+06, 7.785E+06
   12.000, 4.462E+07, 3.470E+07, 2.897E+07, 2.234E+07, 1.856E+07, 1.679E+07, 1.619E+07, 1.454E+07, 1.032E+07, 8.676E+06, 7.771E+06
   14.000, 3.823E+07, 3.122E+07, 2.644E+07, 2.098E+07, 1.777E+07, 1.622E+07, 1.568E+07, 1.417E+07, 1.020E+07, 8.606E+06, 7.736E+06
   16.000, 3.335E+07, 2.806E+07, 2.447E+07, 1.985E+07, 1.700E+07, 1.565E+07, 1.517E+07, 1.376E+07, 1.007E+07, 8.529E+06, 7.698E+06
   18.000, 2.949E+07, 2.542E+07, 2.262E+07, 1.873E+07, 1.630E+07, 1.510E+07, 1.463E+07, 1.333E+07, 9.939E+06, 8.463E+06, 7.657E+06
   20.000, 2.640E+07, 2.341E+07, 2.095E+07, 1.776E+07, 1.567E+07, 1.456E+07, 1.416E+07, 1.291E+07, 9.806E+06, 8.398E+06, 7.616E+06
   22.000, 2.385E+07, 2.135E+07, 1.950E+07, 1.678E+07, 1.500E+07, 1.401E+07, 1.363E+07, 1.251E+07, 9.648E+06, 8.321E+06, 7.567E+06
   25.000, 2.077E+07, 1.910E+07, 1.766E+07, 1.561E+07, 1.411E+07, 1.323E+07, 1.287E+07, 1.202E+07, 9.429E+06, 8.206E+06, 7.495E+06
   28.000, 1.839E+07, 1.709E+07, 1.608E+07, 1.447E+07, 1.320E+07, 1.247E+07, 1.224E+07, 1.148E+07, 9.211E+06, 8.075E+06, 7.411E+06
   32.000, 1.594E+07, 1.513E+07, 1.438E+07, 1.311E+07, 1.218E+07, 1.165E+07, 1.143E+07, 1.082E+07, 8.897E+06, 7.889E+06, 7.288E+06
   35.000, 1.454E+07, 1.388E+07, 1.326E+07, 1.228E+07, 1.152E+07, 1.106E+07, 1.089E+07, 1.032E+07, 8.675E+06, 7.770E+06, 7.219E+06
   40.000, 1.270E+07, 1.231E+07, 1.192E+07, 1.120E+07, 1.062E+07, 1.025E+07, 1.013E+07, 9.738E+06, 8.365E+06, 7.595E+06, 7.109E+06
   45.000, 1.134E+07, 1.104E+07, 1.074E+07, 1.021E+07, 9.822E+06, 9.557E+06, 9.454E+06, 9.153E+06, 8.040E+06, 7.388E+06, 6.978E+06
   50.000, 1.030E+07, 1.010E+07, 9.906E+06, 9.526E+06, 9.218E+06, 9.011E+06, 8.924E+06, 8.668E+06, 7.767E+06, 7.217E+06, 6.850E+06
   55.000, 9.495E+06, 9.343E+06, 9.193E+06, 8.900E+06, 8.648E+06, 8.488E+06, 8.431E+06, 8.246E+06, 7.520E+06, 7.061E+06, 6.734E+06
   63.000, 8.525E+06, 8.430E+06, 8.337E+06, 8.154E+06, 7.974E+06, 7.858E+06, 7.817E+06, 7.696E+06, 7.172E+06, 6.814E+06, 6.551E+06
   71.000, 7.836E+06, 7.775E+06, 7.715E+06, 7.596E+06, 7.479E+06, 7.398E+06, 7.364E+06, 7.260E+06, 6.891E+06, 6.611E+06, 6.410E+06
   80.000, 7.278E+06, 7.240E+06, 7.203E+06, 7.128E+06, 7.054E+06, 7.003E+06, 6.981E+06, 6.909E+06, 6.624E+06, 6.419E+06, 6.262E+06
   90.000, 6.834E+06, 6.807E+06, 6.780E+06, 6.727E+06, 6.674E+06, 6.637E+06, 6.622E+06, 6.570E+06, 6.384E+06, 6.236E+06, 6.114E+06
  100.000, 6.516E+06, 6.499E+06, 6.482E+06, 6.449E+06, 6.416E+06, 6.393E+06, 6.383E+06, 6.350E+06, 6.211E+06, 6.098E+06, 6.021E+06
  110.000, 6.285E+06, 6.273E+06, 6.260E+06, 6.235E+06, 6.211E+06, 6.193E+06, 6.186E+06, 6.162E+06, 6.067E+06, 5.991E+06, 5.916E+06
  120.000, 6.113E+06, 6.105E+06, 6.098E+06, 6.082E+06, 6.067E+06, 6.056E+06, 6.052E+06, 6.037E+06, 5.961E+06, 5.887E+06, 5.826E+06
  140.000, 5.869E+06, 5.863E+06, 5.858E+06, 5.846E+06, 5.835E+06, 5.827E+06, 5.823E+06, 5.812E+06, 5.759E+06, 5.712E+06, 5.659E+06
  160.000, 5.686E+06, 5.680E+06, 5.674E+06, 5.662E+06, 5.650E+06, 5.642E+06, 5.638E+06, 5.626E+06, 5.567E+06, 5.508E+06, 5.445E+06
  180.000, 5.459E+06, 5.449E+06, 5.439E+06, 5.420E+06, 5.401E+06, 5.388E+06, 5.382E+06, 5.363E+06, 5.269E+06, 5.176E+06, 5.082E+06
  200.000, 5.098E+06, 5.087E+06, 5.077E+06, 5.055E+06, 5.034E+06, 5.019E+06, 5.013E+06, 4.992E+06, 4.887E+06, 4.785E+06, 4.685E+06
  220.000, 4.634E+06, 4.623E+06, 4.612E+06, 4.591E+06, 4.569E+06, 4.554E+06, 4.548E+06, 4.527E+06, 4.423E+06, 4.321E+06, 4.221E+06
  250.000, 3.956E+06, 3.948E+06, 3.940E+06, 3.924E+06, 3.907E+06, 3.896E+06, 3.891E+06, 3.875E+06, 3.796E+06, 3.718E+06, 3.642E+06
  280.000, 3.380E+06, 3.373E+06, 3.366E+06, 3.352E+06, 3.339E+06, 3.329E+06, 3.325E+06, 3.311E+06, 3.245E+06, 3.179E+06, 3.115E+06
  320.000, 2.748E+06, 2.743E+06, 2.738E+06, 2.728E+06, 2.719E+06, 2.712E+06, 2.709E+06, 2.699E+06, 2.651E+06, 2.604E+06, 2.558E+06
  350.000, 2.353E+06, 2.349E+06, 2.344E+06, 2.336E+06, 2.327E+06, 2.321E+06, 2.318E+06, 2.310E+06, 2.267E+06, 2.226E+06, 2.185E+06
  400.000, 1.800E+06, 1.797E+06, 1.794E+06, 1.788E+06, 1.782E+06, 1.778E+06, 1.776E+06, 1.770E+06, 1.741E+06, 1.712E+06, 1.683E+06
  450.000, 1.369E+06, 1.366E+06, 1.364E+06, 1.360E+06, 1.355E+06, 1.352E+06, 1.351E+06, 1.347E+06, 1.325E+06, 1.303E+06, 1.282E+06
  500.000, 1.050E+06, 0.000E+00, 0.000E+00, 0.000E+00, 0.000E+00, 0.000E+00, 0.000E+00, 0.000E+00, 0.000E+00, 0.000E+00, 0.000E+00
'End of Block'
'*',    32,     1,    12,    16,     2,     4,    10,     2
'SPENVIS 4.6.14.3582          -  6-Aug-2026 16:02:45'
'PRJ_DEF', -1,'PROJECT1'
'PRJ_HDR', -1,'a trial'
'MOD_ABB', -1,'NIE'
'MIS_PLA',  1,    3,' '
'MIS_NTR',  1,    1,' '
'MIS_STA',  1,  25567.00000000,' '
'MIS_END',  1,  27392.00000000,' '
'MIS_DUR',  1, 1.825000E+03,'days'
'NIE_RCT',  1, 1.0000E+00,'g/MeV'
'PLT_TYP', -1,'SUMMARY'
'PLT_HDR', -1,' '
'PLT_LEG', -3,'Total','Trapped Protons','Solar Protons'
'PS Annotation',  8,  1
'Mission start: 01/01/2020 00:00:00'
 0.05, 0.00, 0.00
'Mission end: 30/12/2024 00:00:00'
 0.95, 0.00, 1.00
'Nr. of segments:   1'
 0.05, 1.50, 0.00
'Duration: 1825.00 days'
 0.95, 0.00, 1.00
'PS Annotation',  6,  0
'Relative degradation per unit NIEL: 1.0000E-11 g/MeV'
 0.05, 2.00, 0.00
'Damage equivalent proton energy:  10.0 MeV'
 0.05, 1.50, 0.00
'NIEL damage curve: JPL Si'
 0.05, 1.50, 0.00
'Thick','mm',  1,'Spherical Al Shield Radius'
'Dose','MeV g!u-1!n',  3,'Displacement Damage Dose'
 5.0000E-01, 2.1673E+07, 2.1069E+07, 6.0438E+05
 1.0000E+00, 1.2975E+07, 1.2657E+07, 3.1811E+05
 2.0000E+00, 9.3429E+06, 9.1755E+06, 1.6742E+05
 3.0000E+00, 8.1507E+06, 8.0374E+06, 1.1327E+05
 3.7000E+00, 7.7085E+06, 7.6170E+06, 9.1511E+04
 4.0000E+00, 7.5558E+06, 7.4717E+06, 8.4031E+04
 5.0000E+00, 7.0576E+06, 6.9900E+06, 6.7647E+04
 1.0000E+01, 5.8437E+06, 5.8067E+06, 3.7003E+04
 1.5000E+01, 5.0415E+06, 5.0146E+06, 2.6871E+04
 2.0000E+01, 4.3787E+06, 4.3567E+06, 2.1986E+04
'End of Block'
'*',    32,     1,    12,    16,     2,     4,    10,     1
'SPENVIS 4.6.14.3582          -  6-Aug-2026 16:02:45'
'PRJ_DEF', -1,'PROJECT1'
'PRJ_HDR', -1,'a trial'
'MOD_ABB', -1,'NIE'
'MIS_PLA',  1,    3,' '
'MIS_NTR',  1,    1,' '
'MIS_STA',  1,  25567.00000000,' '
'MIS_END',  1,  27392.00000000,' '
'MIS_DUR',  1, 1.825000E+03,'days'
'NIE_RCT',  1, 1.0000E+00,'g/MeV'
'PLT_TYP', -1,'SUMMARY'
'PLT_HDR', -1,' '
'PLT_LEG', -3,'Total','Trapped Protons','Solar Protons'
'PS Annotation',  8,  1
'Mission start: 01/01/2020 00:00:00'
 0.05, 0.00, 0.00
'Mission end: 30/12/2024 00:00:00'
 0.95, 0.00, 1.00
'Nr. of segments:   1'
 0.05, 1.50, 0.00
'Duration: 1825.00 days'
 0.95, 0.00, 1.00
'PS Annotation',  6,  0
'Relative degradation per unit NIEL: 1.0000E-11 g/MeV'
 0.05, 2.00, 0.00
'Damage equivalent proton energy:  10.0 MeV'
 0.05, 1.50, 0.00
'NIEL damage curve: JPL Si'
 0.05, 1.50, 0.00
'Thick','mm',  1,'Spherical Al Shield Radius'
'Dose','cm!u-2!n',  3,'Damage equivalent  10.0 MeV proton fluence'
 5.0000E-01, 3.1410E+09, 3.0534E+09, 8.7591E+07
 1.0000E+00, 1.8805E+09, 1.8344E+09, 4.6103E+07
 2.0000E+00, 1.3540E+09, 1.3298E+09, 2.4264E+07
 3.0000E+00, 1.1813E+09, 1.1648E+09, 1.6415E+07
 3.7000E+00, 1.1172E+09, 1.1039E+09, 1.3262E+07
 4.0000E+00, 1.0950E+09, 1.0829E+09, 1.2178E+07
 5.0000E+00, 1.0228E+09, 1.0130E+09, 9.8039E+06
 1.0000E+01, 8.4691E+08, 8.4154E+08, 5.3628E+06
 1.5000E+01, 7.3065E+08, 7.2675E+08, 3.8943E+06
 2.0000E+01, 6.3459E+08, 6.3140E+08, 3.1863E+06
'End of Block'
'*',    32,     1,    12,    16,     2,     4,    10,     0
'SPENVIS 4.6.14.3582          -  6-Aug-2026 16:02:45'
'PRJ_DEF', -1,'PROJECT1'
'PRJ_HDR', -1,'a trial'
'MOD_ABB', -1,'NIE'
'MIS_PLA',  1,    3,' '
'MIS_NTR',  1,    1,' '
'MIS_STA',  1,  25567.00000000,' '
'MIS_END',  1,  27392.00000000,' '
'MIS_DUR',  1, 1.825000E+03,'days'
'NIE_RCT',  1, 1.0000E-11,'g/MeV'
'PLT_TYP', -1,'SUMMARY'
'PLT_HDR', -1,' '
'PLT_LEG', -3,'Total','Trapped Protons','Solar Protons'
'PS Annotation',  8,  1
'Mission start: 01/01/2020 00:00:00'
 0.05, 0.00, 0.00
'Mission end: 30/12/2024 00:00:00'
 0.95, 0.00, 1.00
'Nr. of segments:   1'
 0.05, 1.50, 0.00
'Duration: 1825.00 days'
 0.95, 0.00, 1.00
'PS Annotation',  6,  0
'Relative degradation per unit NIEL: 1.0000E-11 g/MeV'
 0.05, 2.00, 0.00
'Damage equivalent proton energy:  10.0 MeV'
 0.05, 1.50, 0.00
'NIEL damage curve: JPL Si'
 0.05, 1.50, 0.00
'Thick','mm',  1,'Spherical Al Shield Radius'
'Dose',' ',  3,'Relative Degradation'
 5.0000E-01, 2.1673E-04, 2.1069E-04, 6.0438E-06
 1.0000E+00, 1.2975E-04, 1.2657E-04, 3.1811E-06
 2.0000E+00, 9.3429E-05, 9.1755E-05, 1.6742E-06
 3.0000E+00, 8.1507E-05, 8.0374E-05, 1.1327E-06
 3.7000E+00, 7.7085E-05, 7.6170E-05, 9.1511E-07
 4.0000E+00, 7.5558E-05, 7.4717E-05, 8.4031E-07
 5.0000E+00, 7.0576E-05, 6.9900E-05, 6.7647E-07
 1.0000E+01, 5.8437E-05, 5.8067E-05, 3.7003E-07
 1.5000E+01, 5.0415E-05, 5.0146E-05, 2.6871E-07
 2.0000E+01, 4.3787E-05, 4.3567E-05, 2.1986E-07
'End of File'
